                             1       5677482.059       8400323.016
                             2       5677486.178       8400321.434
                             3       5677501.542       8400314.069
                             4       5677499.834       8400313.080
                             5       5677496.835       8400314.391
                             6       5677493.570       8400317.862
                             7       5677493.898       8400344.961
                             8       5677501.487       8400341.167
                             9       5677506.327       8400338.530
                            10       5677505.983       8400336.679
                            11       5677509.491       8400335.147
                            12       5677510.004       8400335.812
                            13       5677507.798       8400375.716
                            14       5677511.305       8400373.864
                            15       5677512.270       8400372.416
                            16       5677514.960       8400370.921
                            17       5677517.689       8400369.789
                            18       5677518.720       8400370.000
                            19       5677472.813       8400303.385
                            20       5677473.659       8400302.712
                            21       5677475.749       8400302.155
                            22       5677480.769       8400299.825
                            23       5677480.157       8400297.266
                            24       5677486.236       8400293.961
                            25       5677490.400       8400291.750
                            26       5677491.978       8400295.714
                            27       5677480.968       8400312.476
                            27       5677480.963       8400312.466
                            28       5677486.722       8400309.422
                            29       5677493.811       8400305.843
                            30       5677491.867       8400300.318
                            31       5677493.012       8400299.688
                            32       5677516.336       8400388.477
                            33       5677516.504       8400384.063
                            34       5677521.579       8400381.666
                            35       5677528.920       8400378.034
                            36       5677531.680       8400377.639
                            37       5677514.497       8400390.427
                            38       5677521.330       8400405.666
                            39       5677565.117       8400336.433
                            40       5677575.536       8400331.875
                            41       5677584.542       8400327.874
                            42       5677589.008       8400337.138
                            43       5677590.675       8400336.551
                            44       5677590.026       8400338.340
                            45       5677592.712       8400343.932
                            46       5677586.682       8400347.175
                            47       5677587.298       8400349.531
                            48       5677583.652       8400351.329
                            49       5677580.814       8400352.401
                            50       5677574.802       8400355.529
                            51       5677584.973       8400371.598
                            52       5677583.796       8400369.108
                            53       5677581.017       8400364.005
                            54       5677579.556       8400361.781
                            55       5677578.103       8400361.447
                            56       5677575.618       8400357.056
                            57       5677583.031       8400367.521
                            58       5677562.659       8400360.871
                            59       5677550.506       8400366.575
                            60       5677542.154       8400368.086
                            61       5677540.631       8400363.408
                            62       5677540.208       8400363.114
                            63       5677578.491       8400394.135
                            64       5677578.152       8400395.393
                            65       5677579.568       8400399.192
                            66       5677568.206       8400405.166
                            67       5677568.812       8400406.597
                            68       5677565.167       8400408.398
                            69       5677560.952       8400410.728
                            70       5677570.291       8400408.700
                            71       5677460.264       8400313.424
                            72       5677460.698       8400308.305
                            73       5677460.954       8400305.643
                            74       5677461.186       8400302.654
                            75       5677461.354       8400300.428
                            76       5677460.599       8400300.112
                            77       5677460.479       8400300.189
                            78       5677461.595       8400290.359
                            79       5677462.698       8400289.015
                            80       5677463.520       8400280.482
                            81       5677464.216       8400273.742
                            82       5677463.875       8400265.669
                            83       5677464.152       8400268.196
                            84       5677464.258       8400270.813
                            85       5677477.828       8400249.682
                           OSN       5677470.632       8400326.952
                          OSN1       5677556.222       8400215.982
                            86       5677608.635       8400268.946
                            87       5677610.267       8400268.084
                            89       5677615.780       8400264.478
                            90       5677614.760       8400262.042
                            91       5677613.600       8400259.482
                            92       5677613.980       8400258.899
                            93       5677617.558       8400256.865
                            94       5677623.997       8400253.370
                            95       5677624.345       8400252.714
                            96       5677621.973       8400247.758
                            97       5677618.839       8400240.866
                            98       5677616.799       8400237.011
                            99       5677619.321       8400232.709
                           100       5677615.874       8400234.967
                           101       5677615.914       8400234.501
                           106       5677606.772       8400205.912
                           107       5677605.386       8400203.455
                           108       5677600.016       8400206.049
                           109       5677598.034       8400207.021
                           110       5677596.859       8400208.409
                           112       5677646.821       8400218.767
                           113       5677641.983       8400221.185
                           114       5677637.963       8400223.163
                           115       5677633.333       8400225.773
                           116       5677628.705       8400228.394
                           117       5677630.118       8400231.554
                           118       5677624.044       8400230.821
                           119       5677631.716       8400234.951
                           120       5677472.568       8400304.217
                           121       5677472.876       8400305.954
                           122       5677471.136       8400307.116
                           123       5677471.902       8400309.013
                           123       5677471.882       8400309.021
                           124       5677472.485       8400309.177
                           125       5677473.036       8400310.575
                           126       5677478.654       8400322.477
                           127       5677479.116       8400323.625
                           128       5677479.650       8400324.219
                           129       5677473.103       8400326.395
                           130       5677471.910       8400326.971
                           131       5677481.371       8400328.287
                           132       5677484.014       8400333.623
                           133       5677484.887       8400334.907
                           134       5677486.236       8400337.889
                           135       5677487.493       8400340.279
                           136       5677489.332       8400344.414
                           137       5677490.267       8400346.619
                           138       5677490.701       8400346.381
                           139       5677490.843       8400347.859
                           140       5677497.606       8400327.915
                           141       5677502.608       8400325.496
                           142       5677506.069       8400324.961
                           143       5677506.773       8400325.046
                           144       5677508.808       8400323.767
                           145       5677488.677       8400332.749
                           146       5677493.939       8400354.299
                           147       5677495.212       8400356.989
                           148       5677495.621       8400356.890
                           149       5677496.162       8400359.114
                           150       5677496.673       8400360.761
                           151       5677497.506       8400361.978
                           152       5677498.136       8400363.121
                           153       5677498.755       8400364.995
                           154       5677500.911       8400369.536
                           155       5677502.101       8400371.583
                           156       5677504.401       8400376.482
                           157       5677505.115       8400376.934
                           158       5677504.904       8400377.683
                           159       5677506.245       8400380.413
                           160       5677507.949       8400383.855
                           161       5677511.035       8400390.688
                           162       5677511.609       8400391.335
                           163       5677511.568       8400392.029
                           164       5677513.105       8400395.115
                           165       5677515.332       8400400.050
                           166       5677523.986       8400404.424
                           166       5677523.811       8400404.131
                           167       5677522.469       8400400.825
                           168       5677522.973       8400400.023
                           169       5677526.649       8400398.348
                           170       5677525.379       8400396.326
                           171       5677517.471       8400404.586
                           172       5677518.474       8400405.859
                           173       5677519.045       8400407.590
                           174       5677521.661       8400413.175
                           175       5677522.499       8400415.311
                           176       5677523.445       8400415.951
                           177       5677523.247       8400416.585
                           178       5677475.691       8400316.132
                           179       5677476.317       8400317.825
                           180       5677462.443       8400317.114
                           181       5677467.002       8400318.274
                          OSN2       5677556.222       8400215.967
                          OSN2       5677556.219       8400215.976
                          OSN3       5677563.278       8400425.153
                           182       5677595.406       8400407.572
                           183       5677592.156       8400400.391
                           184       5677590.351       8400396.703
                           185       5677589.882       8400396.471
                           186       5677587.873       8400392.021
                           187       5677587.784       8400390.226
                           188       5677586.033       8400386.842
                           189       5677581.009       8400376.566
                           190       5677580.164       8400373.780
                           191       5677578.013       8400369.436
                           192       5677578.451       8400368.536
                           193       5677575.392       8400362.148
                           194       5677572.914       8400357.283
                           195       5677572.923       8400356.433
                           196       5677570.359       8400351.584
                           197       5677568.513       8400347.898
                           198       5677565.496       8400340.825
                           199       5677563.194       8400336.287
                           200       5677563.549       8400336.934
                           201       5677558.372       8400325.351
                           202       5677558.253       8400324.783
                           203       5677554.146       8400316.499
                           204       5677550.753       8400309.644
                           205       5677550.548       8400309.132
                           206       5677546.575       8400301.455
                           207       5677547.522       8400303.346
                           208       5677548.248       8400303.122
                           209       5677545.345       8400298.740
                           210       5677544.028       8400299.182
                           211       5677541.838       8400294.602
                           212       5677541.188       8400292.666
                           213       5677541.674       8400292.152
                           214       5677528.268       8400269.032
                           215       5677525.096       8400262.400
                           216       5677524.737       8400261.627
                           218       5677516.890       8400245.607
                           219       5677519.472       8400244.378
                           220       5677510.239       8400248.716
                           221       5677507.694       8400245.869
                           222       5677510.448       8400250.901
                           223       5677509.375       8400249.216
                           224       5677513.056       8400254.701
                           225       5677518.256       8400266.058
                           226       5677518.182       8400266.901
                           227       5677518.820       8400268.279
                           228       5677523.890       8400278.829
                           229       5677526.183       8400283.567
                           230       5677529.629       8400289.853
                           231       5677530.204       8400291.050
                           232       5677535.685       8400302.465
                           233       5677537.416       8400306.150
                           234       5677538.480       8400308.284
                           235       5677538.288       8400308.408
                           236       5677538.398       8400308.598
                           237       5677538.170       8400308.706
                           238       5677538.143       8400308.092
                           239       5677537.941       8400308.175
                           240       5677540.528       8400312.577
                           241       5677541.628       8400314.785
                           242       5677545.668       8400323.357
                           243       5677545.570       8400323.429
                           244       5677545.680       8400323.661
                           245       5677545.438       8400323.766
                           246       5677545.440       8400323.156
                           247       5677545.223       8400323.259
                           248       5677546.535       8400325.031
                           249       5677548.519       8400329.183
                           250       5677550.779       8400333.850
                           251       5677554.832       8400342.449
                           252       5677554.642       8400342.559
                           253       5677555.932       8400345.093
                           254       5677573.240       8400357.249
                           255       5677573.568       8400357.982
                           256       5677573.986       8400358.814
                           257       5677574.203       8400358.709
                           258       5677573.460       8400357.123
                           259       5677557.064       8400322.662
                           261       5677558.639       8400324.613
                           262       5677550.897       8400309.516
                           263       5677550.665       8400309.068
                           264       5677550.377       8400308.435
                           265       5677550.580       8400308.324
                           266       5677551.126       8400309.415
                           267       5677538.715       8400287.830
                           268       5677542.273       8400291.764
                           269       5677542.417       8400292.001
                           270       5677542.094       8400291.436
                           271       5677542.318       8400291.318
                           272       5677539.136       8400287.277
                           273       5677545.772       8400284.193
                           274       5677545.866       8400284.436
                           275       5677536.511       8400281.271
                           276       5677536.561       8400280.171
                           277       5677534.594       8400276.104
                           278       5677534.989       8400275.989
                           279       5677534.779       8400275.585
                           280       5677535.215       8400276.526
                           281       5677535.417       8400276.422
                           282       5677534.974       8400275.500
                           283       5677532.493       8400271.575
                           284       5677529.917       8400272.675
                           285       5677522.306       8400254.179
                           286       5677519.487       8400248.407
                           287       5677517.885       8400244.966
                          OSN4       5677556.219       8400215.978
                           288       5677555.099       8400343.133
                           289       5677556.547       8400346.462
                           290       5677556.642       8400346.899
                           291       5677558.015       8400349.990
                           292       5677559.446       8400352.900
                           293       5677562.321       8400359.015
                           294       5677563.116       8400360.683
                           295       5677563.487       8400361.560
                           296       5677565.424       8400365.726
                           297       5677566.604       8400368.444
                           298       5677570.817       8400377.122
                           299       5677576.961       8400390.642
                           300       5677578.431       8400393.153
                           301       5677579.987       8400396.203
                           302       5677583.420       8400402.860
                           303       5677563.764       8400336.963
                           304       5677563.629       8400336.592
                           305       5677563.845       8400336.518
                           306       5677563.985       8400336.895
                           307       5677604.986       8400271.185
                           308       5677604.302       8400270.114
                           309       5677603.138       8400267.336
                           310       5677600.544       8400261.547
                           311       5677597.691       8400255.539
                           312       5677595.735       8400251.882
                           313       5677593.154       8400252.991
                           314       5677590.394       8400254.262
                           315       5677594.185       8400248.605
                           316       5677592.323       8400245.114
                           318       5677586.300       8400255.791
                           319       5677585.861       8400255.744
                           320       5677585.076       8400254.931
                          OSN8       5677556.206       8400215.987
                           323       5677580.540       8400222.123
                           324       5677580.450       8400220.463
                           325       5677579.005       8400217.226
                           326       5677577.027       8400213.862
                           329       5677584.989       8400231.742
                           330       5677589.537       8400241.182
                           331       5677588.418       8400238.996
                           332       5677590.796       8400242.709
                           333       5677607.557       8400298.119
                           334       5677607.114       8400298.344
                           335       5677605.158       8400294.290
                           336       5677603.671       8400291.490
                           337       5677600.619       8400284.918
                           338       5677600.304       8400284.468
                           340       5677616.364       8400291.662
                           343       5677627.213       8400312.668
                           344       5677629.302       8400317.490
                           345       5677630.233       8400319.570
                           346       5677639.645       8400364.909
                           347       5677639.133       8400363.670
                           348       5677638.584       8400362.464
                           349       5677638.328       8400362.588
                           350       5677638.899       8400363.778
                           351       5677639.430       8400364.982
                         OSN10       5677563.269       8400425.160
                         OSN11       5677563.268       8400425.166
                           352       5677595.778       8400193.408
                           353       5677598.002       8400192.862
                           354       5677581.780       8400197.735
                           355       5677585.111       8400195.142
                           356       5677587.866       8400197.300
                           357       5677590.684       8400197.590
                           359       5677574.941       8400203.635
                           360       5677574.088       8400204.398
                           361       5677572.901       8400205.241
                           362       5677573.911       8400206.894
                           363       5677568.395       8400208.783
                           364       5677570.848       8400206.572
                           365       5677566.234       8400210.962
                           366       5677566.077       8400211.515
                           367       5677566.484       8400212.525
                           368       5677567.504       8400214.525
                           369       5677568.034       8400215.767
                           370       5677567.877       8400216.929
                           371       5677567.537       8400217.544
                           372       5677566.534       8400218.464
                           373       5677563.592       8400220.082
                           374       5677560.614       8400221.833
                           375       5677558.043       8400223.526
                           376       5677557.081       8400224.921
                           377       5677557.434       8400226.075
                           378       5677558.950       8400229.459
                           379       5677563.107       8400237.801
                           380       5677561.711       8400235.197
                           381       5677563.327       8400237.871
                           382       5677551.838       8400227.855
                           383       5677550.228       8400228.245
                           384       5677548.952       8400227.735
                           385       5677548.108       8400227.867
                           386       5677546.833       8400228.512
                           387       5677526.331       8400242.495
                           388       5677524.469       8400243.335
                           389       5677522.512       8400243.300
                           390       5677520.944       8400243.977
                           392       5677504.495       8400244.741
                           393       5677496.615       8400246.289
                           394       5677494.799       8400245.353
                           395       5677488.193       8400246.372
                           396       5677481.788       8400247.721
                           397       5677477.595       8400248.656
                           398       5677474.349       8400249.454
                           399       5677471.781       8400250.146
                           400       5677466.169       8400251.427
                           401       5677464.282       8400252.247
                           402       5677463.820       8400252.388
                           403       5677462.948       8400252.183
                           404       5677461.841       8400252.237
                           405       5677458.665       8400253.373
                           406       5677458.494       8400253.592
                           407       5677460.426       8400259.609
                           408       5677460.283       8400260.505
                           409       5677459.766       8400262.601
                           410       5677463.218       8400264.784
                           411       5677461.827       8400264.371
                           412       5677460.522       8400264.225
                         OSN16       5677556.197       8400215.988
                         OSN18       5677556.202       8400215.977
                           413       5677596.755       8400189.989
                           414       5677597.679       8400192.140
                           415       5677595.601       8400187.266
                           416       5677595.474       8400186.186
                           417       5677595.765       8400184.449
                           418       5677596.628       8400183.669
                           419       5677601.247       8400179.810
                           420       5677602.854       8400178.343
                           421       5677603.985       8400177.406
                           422       5677608.754       8400173.641
                           423       5677609.211       8400173.540
                           424       5677609.842       8400174.114
                           425       5677610.240       8400174.683
                           428       5677610.565       8400173.447
                           429       5677614.012       8400170.274
                           430       5677617.057       8400168.005
                           431       5677618.806       8400167.022
                           432       5677620.489       8400166.890
                           433       5677621.816       8400168.339
                           434       5677621.895       8400167.864
                           435       5677621.147       8400167.642
                           436       5677630.425       8400163.481
                           437       5677630.899       8400163.312
                           438       5677630.802       8400162.734
                           439       5677629.552       8400160.427
                           440       5677628.661       8400158.555
                           441       5677628.406       8400157.559
                           442       5677628.327       8400156.458
                           443       5677628.653       8400155.562
                           444       5677630.128       8400154.404
                           445       5677635.860       8400149.897
                           446       5677639.830       8400146.596
                           447       5677645.086       8400142.054
                           448       5677647.032       8400140.205
                           449       5677646.669       8400139.646
                           450       5677642.720       8400134.664
                           451       5677642.543       8400134.247
                           452       5677642.134       8400133.246
                           453       5677640.531       8400130.914
                           454       5677640.031       8400130.237
                           455       5677640.238       8400129.582
                           456       5677641.412       8400128.240
                           457       5677640.872       8400126.804
                         OSN19       5677700.568       8400087.715
                           458       5677525.650       8400421.186
                           459       5677526.842       8400423.791
                           460       5677531.419       8400433.932
                           461       5677532.858       8400436.999
                           462       5677534.212       8400438.809
                           463       5677536.242       8400439.410
                           464       5677537.195       8400439.347
                           465       5677538.196       8400438.981
                           466       5677539.425       8400438.314
                           467       5677539.695       8400438.123
                           468       5677536.600       8400439.864
                           469       5677533.206       8400436.586
                           470       5677525.405       8400445.119
                           471       5677522.198       8400446.614
                           472       5677520.275       8400447.495
                           473       5677501.173       8400456.491
                           474       5677501.285       8400456.777
                           475       5677490.751       8400461.321
                           476       5677488.981       8400462.149
                           477       5677488.587       8400462.237
                           478       5677488.272       8400461.804
                           479       5677487.618       8400461.700
                           480       5677484.792       8400463.054
                           481       5677478.058       8400466.408
                           482       5677474.638       8400467.076
                           483       5677472.549       8400466.948
                           484       5677472.057       8400466.479
                           485       5677471.222       8400465.299
                           486       5677470.527       8400463.900
                           487       5677469.686       8400462.186
                           488       5677469.039       8400460.835
                           489       5677468.691       8400460.289
                           490       5677468.246       8400460.179
                         OSN20       5677563.305       8400425.138
                         OSN20       5677563.299       8400425.137
                           491       5677565.213       8400421.842
                           492       5677565.435       8400421.707
                           493       5677565.704       8400421.597
                           494       5677565.582       8400421.337
                           495       5677565.074       8400421.603
                           496       5677565.569       8400421.853
                           497       5677568.430       8400420.478
                           498       5677572.809       8400418.382
                           499       5677579.031       8400415.261
                           500       5677583.064       8400413.401
                           501       5677584.685       8400414.569
                           502       5677586.401       8400413.817
                           503       5677587.059       8400413.665
                           504       5677587.657       8400412.418
                           505       5677587.707       8400411.655
                           506       5677587.311       8400410.703
                           507       5677586.342       8400408.899
                           508       5677578.492       8400393.590
                           509       5677578.888       8400394.410
                           510       5677578.678       8400394.549
                           511       5677578.268       8400393.670
                           512       5677578.684       8400393.979
                           513       5677578.974       8400393.864
                           514       5677570.690       8400377.649
                           515       5677570.452       8400377.744
                           516       5677570.520       8400377.201
                           517       5677570.373       8400376.830
                           518       5677570.118       8400376.917
                           520       5677573.092       8400356.791
                           521       5677572.714       8400355.969
                           522       5677572.927       8400355.850
                           523       5677573.340       8400356.717
                           524       5677573.175       8400356.345
                           525       5677562.955       8400360.979
                           526       5677562.806       8400360.601
                           527       5677562.586       8400360.687
                           528       5677562.753       8400361.064
                           529       5677583.292       8400403.449
                           530       5677582.908       8400402.598
                           531       5677582.634       8400402.731
                           532       5677583.039       8400403.544
                           533       5677554.627       8400342.886
                           534       5677554.231       8400342.057
                           535       5677554.003       8400342.168
                           536       5677554.405       8400342.983
                           537       5677533.994       8400299.266
                           538       5677533.754       8400299.407
                           539       5677533.174       8400298.340
                           540       5677533.417       8400298.218
                           541       5677533.794       8400298.918
                           542       5677533.972       8400298.835
                         OSN21       5677556.213       8400215.982
                       1000POM       5677596.768       8400250.689
                     1000POM_2       5677596.682       8400250.550
                     1000POM_3       5677596.695       8400250.537
                       1001POM       5677608.623       8400298.600
                           546       5677659.220       8400377.952
                           547       5677658.445       8400377.318
                           548       5677658.079       8400376.404
                           549       5677512.345       8400255.496
                           550       5677512.157       8400255.616
                           551       5677512.017       8400254.836
                           552       5677511.648       8400254.076
                           553       5677511.425       8400254.189
                           555       5677512.425       8400253.290
                           556       5677512.880       8400254.332
                           557       5677477.619       8400248.934
                           558       5677480.871       8400254.385
                           559       5677485.705       8400264.391
                           560       5677462.812       8400286.754
                           561       5677461.108       8400286.632
                           562       5677459.978       8400300.161
                           563       5677460.295       8400300.225
                           564       5677472.218       8400303.627
                           565       5677472.321       8400303.909
                           566       5677472.457       8400304.259
                           567       5677472.723       8400304.183
                           568       5677472.628       8400303.885
                           569       5677472.446       8400303.535
                           570       5677474.277       8400307.831
                           571       5677474.464       8400307.696
                           572       5677474.514       8400308.298
                           573       5677474.634       8400308.697
                           574       5677474.821       8400308.603
                           575       5677480.759       8400314.683
                           576       5677481.020       8400313.619
                           577       5677475.973       8400317.050
                           578       5677481.218       8400322.936
                           579       5677481.373       8400323.282
                           580       5677481.526       8400323.554
                           581       5677481.762       8400323.460
                           582       5677481.645       8400323.139
                           583       5677481.445       8400322.821
                           584       5677470.931       8400327.102
                           585       5677470.822       8400326.813
                           586       5677470.647       8400326.449
                           587       5677470.452       8400326.534
                           588       5677470.707       8400327.206
                           589       5677469.916       8400327.270
                           590       5677454.320       8400333.472
                           591       5677452.957       8400333.998
                           592       5677453.400       8400335.386
                           593       5677486.157       8400333.511
                           594       5677486.281       8400333.762
                           595       5677486.445       8400334.094
                           596       5677486.696       8400333.993
                           597       5677486.562       8400333.667
                           598       5677486.351       8400333.376
                           599       5677492.360       8400345.909
                           600       5677492.276       8400345.732
                           601       5677492.200       8400345.545
                           602       5677492.436       8400345.431
                           603       5677492.536       8400345.651
                           604       5677492.626       8400345.825
                           605       5677508.958       8400351.414
                           606       5677500.245       8400354.383
                           607       5677497.867       8400355.292
                           608       5677497.500       8400356.197
                           609       5677497.389       8400355.897
                           610       5677497.285       8400355.618
                           611       5677497.060       8400355.727
                           612       5677497.271       8400356.284
                           613       5677497.152       8400355.989
                           614       5677506.639       8400375.670
                           615       5677506.745       8400375.944
                           616       5677506.897       8400376.270
                           617       5677507.118       8400376.166
                           618       5677506.852       8400375.528
                           619       5677506.963       8400375.774
                           620       5677534.170       8400378.840
                           621       5677514.038       8400390.777
                           622       5677514.125       8400390.964
                           623       5677514.332       8400390.846
                           624       5677514.271       8400390.674
                           625       5677514.165       8400390.471
                           626       5677513.948       8400390.597
                           627       5677520.793       8400405.311
                           628       5677521.040       8400405.652
                           629       5677521.280       8400406.245
                           630       5677521.517       8400406.139
                           631       5677521.258       8400405.543
                           632       5677518.886       8400406.279
                           633       5677519.249       8400406.797
                           636       5677525.696       8400414.627
                           637       5677525.615       8400415.091
                           638       5677526.008       8400415.341
                           639       5677525.783       8400415.391
                           640       5677525.471       8400414.721
                           641       5677523.402       8400278.503
                           642       5677523.647       8400279.003
                           643       5677523.916       8400279.564
                           644       5677523.689       8400279.676
                           645       5677523.166       8400278.587
                           646       5677523.772       8400278.926
                           647       5677554.339       8400297.888
                           648       5677554.606       8400298.516
                           649       5677552.003       8400298.894
                           650       5677552.163       8400299.317
                           651       5677538.055       8400308.439
                           652       5677536.775       8400309.377
                           653       5677534.711       8400310.447
                           654       5677557.251       8400322.290
                           655       5677557.350       8400322.520
                           656       5677557.426       8400322.677
                           657       5677557.636       8400322.560
                           658       5677557.486       8400322.179
                           659       5677572.539       8400356.477
                           660       5677573.289       8400358.186
                           661       5677585.805       8400409.380
                           662       5677586.015       8400409.276
                           663       5677585.926       8400409.093
                           664       5677585.838       8400408.910
                           665       5677585.634       8400409.017
                           666       5677589.804       8400345.542
                           667       5677590.054       8400346.120
                           668       5677677.298       8400281.186
                           669       5677676.347       8400281.760
                           670       5677676.449       8400282.040
                           671       5677676.136       8400281.438
                           672       5677676.181       8400282.189
                           673       5677675.889       8400281.553
                           
                           
                           
                           
                           
                           
                           
                           
                           
			   
			   
			   
			   

